sx=[44, 42, 43, 24, 37, 41, 47, 3, 34, 7, 19, 26, 14, 48, 20, 33, 1, 46, 27, 29, 35, 30, 9, 39, 49, 4, 5, 36, 31, 40, 6, 2, 18, 11, 10, 8, 13, 15, 22, 28, 32, 17, 45, 21, 0, 23, 16, 25, 38, 12,44];
sx=sx+1
